name: wheel
channels:
  - dsdale24
  - anaconda
  - defaults
dependencies:
  - certifi=2016.2.28=py34_0
  - icc_rt=2017.0.4=h97af966_0
  - icu=57.1=vc10_0
  - intel-openmp=2018.0.0=8
  - pyqt=4.10.4=py34_1
  - pyqtgraph=0.9.10=py34_1
  - python=3.4.5=0
  - colorama=0.3.9=py34_0
  - decorator=4.1.2=py34_0
  - ipython=5.3.0=py34_0
  - ipython_genutils=0.2.0=py34_0
  - mkl=2017.0.4=h6d528fc_0
  - numpy=1.11.3=py34_0
  - path.py=10.0=py34_0
  - pickleshare=0.7.4=py34_0
  - pip=9.0.1=py34_1
  - prompt_toolkit=1.0.14=py34_0
  - pygments=2.2.0=py34_0
  - pyopengl=3.1.1a1=np111py34_0
  - pyserial=2.7=py34_0
  - scipy=0.19.1=np111py34_0
  - setuptools=27.2.0=py34_1
  - simplegeneric=0.8.1=py34_1
  - six=1.10.0=py34_0
  - tk=8.5.18=vc10_0
  - traitlets=4.3.2=py34_0
  - vc=10=0
  - vs2010_runtime=10.00.40219.1=2
  - vs2015_runtime=14.0.25123=3
  - wcwidth=0.1.7=py34_0
  - wheel=0.29.0=py34_0
  - win_unicode_console=0.5=py34_0
  - pyqt5=5.3.2=py34_0
  - qt5=5.4.0=0
  - sip=4.16.5=py34_0
prefix: C:\Users\horsto\AppData\Local\conda\conda\envs\wheel
